*******************************************
**  PNS-NETFILE Javaversion              **
**  WARNING: DON'T EDIT THIS FILE        **
*******************************************
S0: ~Carligue~ 0 72 87 47 65 - 0
S1: ~Aile~ 0 203 85 192 63 - 0
S2: ~Moteur~ 0 348 85 326 63 - 0
S3: ~Roue~ 0 484 83 468 61 - 0
S4: ~~ 1 69 176 69 154 - 0
S5: ~~ 1 203 169 203 147 - 0
S6: ~~ 1 352 164 352 142 - 0
S7: ~~ 1 492 163 492 141 - 0
S8: ~~ 46 72 281 72 259 - 0
S9: ~~ 1 202 278 202 256 - 0
S10: ~~ 31 352 276 352 254 - 0
S11: ~~ 1 514 268 514 246 - 0
S12: ~~ 15 142 405 142 383 - 0
S13: ~~ 0 257 599 257 577 - 0
S14: ~~ 30 404 803 404 781 - 0
T0: ~~ 0 69 131 69 101 0 c
T1: ~~ 0 200 133 200 103 0 c
T2: ~~ 0 345 125 345 95 0 c
T3: ~~ 0 488 132 488 102 0 c
T4: ~~ 0 72 230 72 200 0 c
T5: ~~ 0 206 222 206 192 0 c
T6: ~~ 0 349 219 349 189 0 c
T7: ~~ 0 499 212 499 182 0 c
T8: ~~ 0 132 346 132 316 0 c
T9: ~~ 0 252 473 252 443 0 c
T10: ~~ 0 397 691 397 661 0 c
KST: 0 0 0 -1 61 116 0 E
KTS: 4 0 0 1 59 146 0 E
KST: 1 1 0 -1 192 116 0 E
KTS: 5 1 0 1 210 142 0 E
KST: 2 2 0 -1 337 112 0 E
KTS: 6 2 0 1 356 136 0 E
KST: 3 3 0 -1 495 115 0 E
KTS: 7 3 0 1 498 139 0 E
KST: 4 4 0 -1 80 210 0 E
KTS: 0 4 0 1 91 186 1 E e 126 152 0
KST: 5 5 0 -1 214 203 0 E
KTS: 1 5 0 1 221 178 1 E e 252 144 0
KST: 6 6 0 -1 341 199 0 E
KTS: 2 6 0 1 373 175 1 E e 411 144 0
KST: 7 7 0 -1 505 194 0 E
KTS: 3 7 0 1 519 174 1 E e 553 149 0
KTS: 8 4 0 1 62 248 0 E
KTS: 9 5 0 1 196 242 0 E
KTS: 10 6 0 1 359 240 0 E
KTS: 11 7 0 1 513 231 0 E
KST: 8 8 0 -1 114 313 0 E
KST: 9 8 0 -2 156 310 0 E
KTS: 12 8 0 1 144 367 0 E
KST: 12 9 0 -1 208 434 0 E
KTS: 13 9 0 1 263 528 0 E
KST: 13 10 0 -1 338 641 0 E
KTS: 14 10 0 1 409 739 0 E
KST: 11 9 0 -3 371 368 0 E
KST: 10 10 0 -2 384 490 0 E
